00100000000000010000000000000001
00000001001000010110100000100010
00000000000000001011100000100001
00000000000010101100000000100001
00010010111011010000000000010101
00000001101101110111100000100010
00000000000000001011000000100001
00000000000110000101000000100001
00010010110011110000000000001111
10001101010101000000000000000000
10001101010101010000000000000100
00000010101101000000100000101010
00010100001000000000000000000011
00100001010010100000000000000100
00100010110101100000000000000001
00001000000100000000000000011011
00000000000101000111000000100001
00000000000101011010000000100001
00000000000011101010100000100001
10101101010101000000000000000000
10101101010101010000000000000100
00100001010010100000000000000100
00100010110101100000000000000001
00001000000100000000000000011011
00100010111101110000000000000001
00001000000100000000000000010111
00000000000110000101000000100001